0	5
1	5
2	6
3	5
4	5
5	6
6	6
7	6
8	6
9	8
10	5
11	5
12	5
13	7
14	5
15	7
16	6
17	8
18	6
19	5
20	8
21	7
22	8
23	5
24	6
25	6
26	6
27	6
28	6
29	7
30	6
31	6
32	6
33	6
34	5
35	5
36	5
37	6
38	5
39	5
40	6
41	6
42	6
43	6
44	6
45	7
46	4
47	5
48	6
49	5
50	6
51	7
52	7
53	6
54	6
55	6
56	6
57	6
58	6
59	6
60	6
61	6
62	5
63	6
64	6
65	5
66	7
67	5
68	8
69	5
70	6
71	5
72	5
73	6
74	8
75	5
76	7
77	7
78	5
79	5
80	6
81	6
82	5
83	6
84	5
85	6
86	6
87	6
88	5
89	6
90	6
91	5
92	7
93	7
94	7
95	6
96	6
97	7
98	4
99	6
100	5
101	5
102	5
103	5
104	5
105	6
106	5
107	6
108	6
109	5
110	6
111	5
112	5
113	5
114	5
115	4
116	6
117	6
118	5
119	5
120	5
121	5
122	5
123	6
124	6
125	6
126	5
127	7
128	7
129	6
130	5
131	7
132	5
133	5
134	5
135	5
136	6
137	5
138	7
139	6
140	5
141	5
142	6
143	6
144	6
145	6
146	6
147	4
148	7
149	6
150	7
151	6
152	6
153	5
154	6
155	6
156	6
157	7
158	8
159	8
160	7
161	5
162	5
163	6
164	5
165	5
166	6
167	7
168	5
169	5
170	6
171	6
172	4
173	7
174	5
175	6
176	4
177	5
178	4
179	6
180	6
181	5
182	5
183	6
184	5
185	5
186	6
187	5
188	8
189	4
190	6
191	5
192	6
193	5
194	5
195	6
196	5
197	5
198	5
199	5
200	5
201	5
202	5
203	6
204	4
205	5
206	5
207	4
208	5
209	6
210	5
211	7
212	5
213	6
214	7
215	5
216	5
217	5
218	5
219	5
220	5
221	6
222	7
223	6
224	6
225	5
226	6
227	6
228	6
229	5
230	4
231	6
232	6
233	6
234	6
235	6
236	6
237	6
238	7
239	6
240	5
241	5
242	7
243	6
244	5
245	6
246	7
247	7
248	7
249	5
250	4
251	3
252	5
253	3
254	6
255	8
256	7
257	7
258	6
259	4
260	6
261	5
262	5
263	6
264	6
265	5
266	6
267	5
268	6
269	6
270	6
271	5
272	5
273	5
274	5
275	6
276	6
277	5
278	4
279	7
280	8
281	8
282	4
283	5
284	5
285	5
286	6
287	7
288	7
289	7
290	7
291	6
292	5
293	7
294	3
295	6
296	5
297	7
298	6
299	6
300	6
301	6
302	6
303	6
304	6
305	6
306	5
307	6
308	7
309	6
310	7
311	8
312	6
313	6
314	5
315	6
316	6
317	5
318	7
319	6
320	7
321	5
322	6
323	6
324	5
325	5
326	6
327	6
328	6
329	5
330	8
331	5
332	6
333	5
334	5
335	6
336	6
337	6
338	5
339	7
340	7
341	6
342	6
343	5
344	6
345	6
346	7
347	6
348	6
349	5
350	7
351	7
352	6
353	7
354	6
355	6
356	6
357	6
358	6
359	6
360	6
361	5
362	6
363	6
364	7
365	7
366	6
367	6
368	6
369	5
370	6
371	6
372	5
373	6
374	7
375	7
376	7
377	7
378	6
379	7
380	7
381	6
382	6
383	6
384	7
385	7
386	7
387	5
388	6
389	7
390	7
391	5
392	6
393	6
394	5
395	5
396	5
397	6
398	5
399	6
400	6
401	5
402	5
403	5
404	6
405	5
406	7
407	5
408	6
409	5
410	6
411	6
412	5
413	5
414	6
415	6
416	6
417	5
418	6
419	6
420	7
421	6
422	6
423	6
424	7
425	6
426	6
427	5
428	5
429	5
430	5
431	5
432	7
433	4
434	8
435	7
436	5
437	8
438	7
439	5
440	7
441	6
442	8
443	6
444	6
445	3
446	5
447	6
448	6
449	7
450	5
451	5
452	7
453	7
454	7
455	6
456	7
457	5
458	6
459	5
460	5
461	5
462	5
463	6
464	5
465	5
466	6
467	6
468	5
469	5
470	6
471	5
472	6
473	7
474	6
475	5
476	7
477	6
478	6
479	6
480	5
481	6
482	5
483	5
484	5
485	6
486	6
487	6
488	6
489	6
490	6
491	7
492	6
493	6
494	6
495	6
496	4
497	6
498	5
499	4
500	6
501	6
502	6
503	5
504	6
505	6
506	5
507	7
508	6
509	7
510	6
511	6
512	6
513	6
514	7
515	6
516	5
517	6
518	6
519	5
520	5
521	5
522	6
523	6
524	5
525	6
526	4
527	6
528	6
529	6
530	6
531	5
532	6
533	6
534	6
535	5
536	5
537	6
538	5
539	6
540	4
541	5
542	6
543	6
544	6
545	6
546	6
547	6
548	7
549	5
550	7
551	7
552	7
553	7
554	7
555	7
556	5
557	6
558	5
559	6
560	7
561	5
562	6
563	7
564	5
565	6
566	6
567	5
568	6
569	6
570	5
571	7
572	5
573	7
574	7
575	6
576	6
577	7
578	7
579	7
580	5
581	5
582	6
583	6
584	7
585	6
586	6
587	7
588	7
589	6
590	5
591	6
592	5
593	5
594	5
595	7
596	5
597	6
598	8
599	7
600	6
601	6
602	5
603	5
604	6
605	6
606	5
607	5
608	5
609	6
610	8
611	6
612	5
613	5
614	5
615	5
616	7
617	6
618	6
619	6
620	5
621	5
622	6
623	5
624	5
625	8
626	4
627	6
628	6
629	6
630	5
631	5
632	6
633	5
634	6
635	6
636	7
637	5
638	5
639	5
640	7
641	4
642	6
643	5
644	5
645	5
646	4
647	6
648	5
649	7
650	7
651	7
652	7
653	6
654	7
655	6
656	6
657	5
658	5
659	4
660	5
661	7
662	4
663	5
664	6
665	5
666	6
667	6
668	6
669	5
670	6
671	6
672	8
673	6
674	5
675	6
676	6
677	7
678	7
679	7
680	5
681	5
682	6
683	5
684	5
685	5
686	7
687	4
688	6
689	7
690	4
691	6
692	5
693	5
694	6
695	5
696	6
697	5
698	5
699	5
700	5
701	7
702	4
703	6
704	6
705	5
706	5
707	6
708	6
709	5
710	5
711	6
712	6
713	5
714	6
715	7
716	6
717	5
718	7
719	7
720	5
721	5
722	6
723	8
724	7
725	5
726	7
727	5
728	5
729	5
730	6
731	6
732	7
733	6
734	5
735	6
736	6
737	5
738	7
739	6
740	3
741	6
742	6
743	5
744	5
745	6
746	6
747	6
748	6
749	6
750	6
751	6
752	6
753	6
754	5
755	7
756	5
757	6
758	7
759	7
760	6
761	6
762	5
763	6
764	6
765	6
766	5
767	6
768	7
769	7
770	7
771	7
772	7
773	5
774	9
775	6
776	6
777	5
778	7
779	8
780	4
781	6
782	7
783	8
784	5
785	6
786	6
787	6
788	7
789	6
790	6
791	7
792	5
793	7
794	5
795	5
796	6
797	6
798	6
799	8
800	6
801	5
802	5
803	7
804	6
805	6
806	5
807	6
808	6
809	6
810	5
811	6
812	7
813	6
814	6
815	5
816	5
817	5
818	5
819	5
820	9
821	6
822	5
823	6
824	5
825	6
826	6
827	9
828	7
829	7
830	6
831	4
832	8
833	6
834	6
835	8
836	8
837	8
838	8
839	7
840	7
841	7
842	7
843	7
844	8
845	8
846	5
847	5
848	7
849	6
850	7
851	5
852	7
853	5
854	7
855	7
856	5
857	5
858	7
859	5
860	8
861	7
862	6
863	6
864	5
865	6
866	7
867	8
868	7
869	6
870	5
871	5
872	6
873	3
874	5
875	7
876	9
877	6
878	6
879	8
880	7
881	6
882	6
883	6
884	6
885	7
886	6
887	7
888	6
889	7
890	6
891	7
892	5
893	7
894	7
895	6
896	6
897	6
898	6
899	6
900	7
901	6
902	5
903	6
904	8
905	4
906	4
907	8
908	4
909	5
910	5
911	5
912	5
913	5
914	4
915	5
916	7
917	6
918	6
919	7
920	7
921	6
922	6
923	6
924	8
925	5
926	5
927	7
928	5
929	5
930	7
931	5
932	6
933	5
934	5
935	5
936	5
937	5
938	6
939	7
940	5
941	6
942	7
943	7
944	7
945	7
946	5
947	5
948	4
949	5
950	5
951	6
952	6
953	5
954	6
955	5
956	5
957	7
958	7
959	6
960	6
961	7
962	6
963	6
964	6
965	5
966	6
967	6
968	7
969	7
970	7
971	7
972	6
973	7
974	6
975	5
976	6
977	5
978	7
979	5
980	6
981	7
982	6
983	6
984	5
985	6
986	7
987	6
988	6
989	5
990	6
991	6
992	6
993	5
994	6
995	7
996	6
997	6
998	5
999	5
1000	5
1001	5
1002	5
1003	9
1004	6
1005	5
1006	6
1007	5
1008	6
1009	6
1010	9
1011	7
1012	7
1013	6
1014	4
1015	8
1016	6
1017	6
1018	8
1019	8
1020	8
1021	8
1022	7
1023	7
1024	7
1025	7
1026	7
1027	8
1028	8
1029	5
1030	5
1031	7
1032	6
1033	7
1034	5
1035	7
1036	5
1037	7
1038	7
1039	5
1040	5
1041	7
1042	5
1043	8
1044	7
1045	6
1046	6
1047	5
1048	6
1049	7
1050	8
1051	7
1052	6
1053	5
1054	5
1055	6
1056	3
1057	5
1058	7
1059	9
1060	6
1061	6
1062	8
1063	7
1064	6
1065	6
1066	6
1067	6
1068	7
1069	6
1070	7
1071	6
1072	7
1073	6
1074	7
1075	5
1076	7
1077	7
1078	6
1079	6
1080	6
1081	6
1082	6
1083	7
1084	6
1085	5
1086	6
1087	8
1088	4
1089	4
1090	8
1091	4
1092	5
1093	5
1094	5
1095	5
1096	5
1097	4
1098	5
1099	7
1100	6
1101	6
1102	7
1103	7
1104	6
1105	6
1106	6
1107	8
1108	5
1109	5
1110	7
1111	5
1112	5
1113	7
1114	5
1115	6
1116	5
1117	5
1118	5
1119	5
1120	5
1121	6
1122	7
1123	5
1124	6
1125	7
1126	7
1127	7
1128	7
1129	5
1130	5
1131	4
1132	5
1133	5
1134	6
1135	6
1136	5
1137	6
1138	5
1139	5
1140	7
1141	7
1142	6
1143	6
1144	7
1145	6
1146	6
1147	6
1148	5
1149	6
1150	6
1151	7
1152	7
1153	7
1154	7
1155	6
1156	7
1157	6
1158	5
1159	6
1160	5
1161	7
1162	5
1163	6
1164	7
1165	6
1166	6
1167	5
1168	6
1169	7
1170	6
1171	6
1172	5
1173	6
1174	6
1175	6
1176	5
1177	6
1178	7
1179	6
1180	6
1181	5
1182	5
1183	5
1184	5
1185	5
1186	9
1187	6
1188	5
1189	6
1190	5
1191	6
1192	6
1193	9
1194	7
1195	7
1196	6
1197	4
1198	8
1199	6
1200	6
1201	8
1202	8
1203	8
1204	8
1205	7
1206	7
1207	7
1208	7
1209	7
1210	8
1211	8
1212	5
1213	5
1214	7
1215	6
1216	7
1217	5
1218	7
1219	5
1220	7
1221	7
1222	5
1223	5
1224	7
1225	5
1226	8
1227	7
1228	6
1229	6
1230	5
1231	6
1232	7
1233	8
1234	7
1235	6
1236	5
1237	5
1238	6
1239	3
1240	5
1241	7
1242	9
1243	6
1244	6
1245	8
1246	7
1247	6
1248	6
1249	6
1250	6
1251	7
1252	6
1253	7
1254	6
1255	7
1256	6
1257	7
1258	5
1259	7
1260	7
1261	6
1262	6
1263	6
1264	6
1265	6
1266	7
1267	6
1268	5
1269	6
1270	8
1271	4
1272	4
1273	8
1274	4
1275	5
1276	5
1277	5
1278	5
1279	5
1280	4
1281	5
1282	7
1283	6
1284	6
1285	7
1286	7
1287	6
1288	6
1289	6
1290	8
1291	5
1292	5
1293	7
1294	5
1295	5
1296	7
1297	5
1298	6
1299	5
1300	5
1301	5
1302	5
1303	5
1304	6
1305	7
1306	5
1307	6
1308	7
1309	7
1310	7
1311	7
1312	5
1313	5
1314	4
1315	5
1316	5
1317	6
1318	6
1319	5
1320	6
1321	5
1322	5
1323	7
1324	7
1325	6
1326	6
1327	7
1328	6
1329	6
1330	6
1331	5
1332	6
1333	6
1334	7
1335	7
1336	7
1337	7
1338	6
1339	7
1340	6
1341	5
1342	6
1343	5
1344	7
1345	5
1346	6
1347	7
1348	6
1349	6
1350	5
1351	6
1352	7
1353	6
1354	6
1355	5
1356	6
1357	6
1358	6
1359	5
1360	6
1361	7
1362	6
1363	6
1364	5
1365	5
1366	5
1367	5
1368	5
1369	9
1370	6
1371	5
1372	6
1373	5
1374	6
1375	6
1376	9
1377	7
1378	7
1379	6
1380	4
1381	8
1382	6
1383	6
1384	8
1385	8
1386	8
1387	8
1388	7
1389	7
1390	7
1391	7
1392	7
1393	8
1394	8
1395	5
1396	5
1397	7
1398	6
1399	7
1400	5
1401	7
1402	5
1403	7
1404	7
1405	5
1406	5
1407	7
1408	5
1409	8
1410	7
1411	6
1412	6
1413	5
1414	6
1415	7
1416	8
1417	7
1418	6
1419	5
1420	5
1421	6
1422	3
1423	5
1424	7
1425	9
1426	6
1427	6
1428	8
1429	7
1430	6
1431	6
1432	6
1433	6
1434	7
1435	6
1436	7
1437	6
1438	7
1439	6
1440	7
1441	5
1442	7
1443	7
1444	6
1445	6
1446	6
1447	6
1448	6
1449	7
1450	6
1451	5
1452	6
1453	8
1454	4
1455	4
1456	8
1457	4
1458	5
1459	5
1460	5
1461	5
1462	5
1463	4
1464	5
1465	7
1466	6
1467	6
1468	7
1469	7
1470	6
1471	6
1472	6
1473	8
1474	5
1475	5
1476	7
1477	5
1478	5
1479	7
1480	5
1481	6
1482	5
1483	5
1484	5
1485	5
1486	5
1487	6
1488	7
1489	5
1490	6
1491	7
1492	7
1493	7
1494	7
1495	5
1496	5
1497	4
1498	5
1499	5
1500	6
1501	6
1502	5
1503	6
1504	5
1505	5
1506	7
1507	7
1508	6
1509	6
1510	7
1511	6
1512	6
1513	6
1514	5
1515	6
1516	6
1517	7
1518	7
1519	7
1520	7
1521	6
1522	7
1523	6
1524	5
1525	6
1526	5
1527	7
1528	5
1529	6
1530	7
1531	6
1532	6
1533	5
1534	6
1535	7
1536	6
1537	6
1538	5
1539	6
1540	6
1541	6
1542	5
1543	6
1544	7
1545	6
1546	6
1547	5
1548	5
1549	5
1550	5
1551	5
1552	9
1553	6
1554	5
1555	6
1556	5
1557	6
1558	6
1559	9
1560	7
1561	7
1562	6
1563	4
1564	8
1565	6
1566	6
1567	8
1568	8
1569	8
1570	8
1571	7
1572	7
1573	7
1574	7
1575	7
1576	8
1577	8
1578	5
1579	5
1580	7
1581	6
1582	7
1583	5
1584	7
1585	5
1586	7
1587	7
1588	5
1589	5
1590	7
1591	5
1592	8
1593	7
1594	6
1595	6
1596	5
1597	6
1598	7
1599	8
1600	7
1601	6
1602	5
1603	5
1604	6
1605	3
1606	5
1607	7
1608	9
1609	6
1610	6
1611	8
1612	7
1613	6
1614	6
1615	6
1616	6
1617	7
1618	6
1619	7
1620	6
1621	7
1622	6
1623	7
1624	5
1625	7
1626	7
1627	6
1628	6
1629	6
1630	6
1631	6
1632	7
1633	6
1634	5
1635	6
1636	8
1637	4
1638	4
1639	8
1640	4
1641	5
1642	5
1643	5
1644	5
1645	5
1646	4
1647	5
1648	7
1649	6
1650	6
1651	7
1652	7
1653	6
1654	6
1655	6
1656	8
1657	5
1658	5
1659	7
1660	5
1661	5
1662	7
1663	5
1664	6
1665	5
1666	5
1667	5
1668	5
1669	5
1670	6
1671	7
1672	5
1673	6
1674	7
1675	7
1676	7
1677	7
1678	5
1679	5
1680	4
1681	5
1682	5
1683	6
1684	6
1685	5
1686	6
1687	5
1688	5
1689	7
1690	7
1691	6
1692	6
1693	7
1694	6
1695	6
1696	6
1697	5
1698	6
1699	6
1700	7
1701	7
1702	7
1703	7
1704	6
1705	7
1706	6
1707	5
1708	6
1709	5
1710	7
1711	5
1712	6
1713	7
1714	6
1715	6
1716	5
1717	6
